1000000 100
657387 853830
203535 546439
236843 439043
629339 331639
708357 309763
83438 749514
35534 94769
74151 298672
506579 202804
277842 176116
710521 202510
323311 352182
816708 669647
555913 358014
52740 843140
953215 357894
337141 36782
486506 473119
690052 343736
173584 644181
581583 850204
346217 929738
125558 804623
507126 613802
879879 955128
113738 530352
745081 761556
954099 642979
649528 845068
102901 422671
741264 791532
472310 905620
411866 658448
930296 194871
770279 674136
489728 938710
502202 26446
95017 796894
298706 175133
346833 620923
46027 197934
830043 13087
989574 270000
280197 685154
543599 473591
933195 459445
349968 543657
839559 446114
344605 451227
696200 147681
161698 141883
731779 701625
484437 256288
53490 642021
828024 136575
394360 4124
321571 867759
352999 211898
456481 50053
702617 944309
509264 822418
749130 364877
174914 241199
708263 148975
845373 606813
622988 178568
339342 619041
384510 597166
633015 82824
284475 787330
951951 676288
280148 39583
197697 638918
164964 163922
956488 376845
182670 330156
377309 212918
749803 989391
603607 297300
101860 618336
414185 881802
751255 116316
3861 780319
85043 748898
873602 132928
167381 62074
49828 9865
821930 831965
936334 425033
281101 16652
970015 436103
228759 81085
795639 705839
414274 433797
605627 830674
397535 473405
897571 609839
140162 756356
123277 247832
849592 770054
